50 890
43 2
31 8
44 33
31 1
46 36
24 21
11 20
3 7
32 46
1 39
30 32
21 36
11 6
26 11
36 28
35 3
49 21
17 9
44 28
32 5
28 13
20 44
11 29
35 46
32 16
20 48
32 12
25 43
2 1
42 43
49 9
18 46
22 28
46 14
5 39
29 23
37 29
3 4
43 41
5 15
34 50
39 40
45 3
38 10
10 41
19 31
21 34
1 27
47 10
2 10
23 26
26 29
6 5
14 40
6 43
50 12
50 45
46 49
5 40
37 49
21 23
10 50
7 9
20 36
5 37
4 40
26 20
38 16
39 43
11 24
40 46
19 37
27 26
33 26
1 47
30 35
34 40
46 26
50 33
18 49
48 6
45 48
33 2
46 31
3 49
30 49
29 8
14 30
4 27
24 49
38 20
27 35
35 9
41 48
9 24
14 20
25 11
30 19
49 47
36 50
39 44
20 23
10 36
13 36
42 30
1 38
23 40
5 41
22 27
16 23
9 5
4 41
39 4
28 50
11 21
4 37
7 27
16 35
48 28
11 49
22 17
14 22
24 50
30 18
21 14
26 28
42 23
25 30
46 22
33 25
3 29
30 48
26 43
17 26
22 19
18 47
25 50
23 30
3 15
29 47
25 21
26 9
5 14
44 6
45 13
12 35
3 50
42 45
31 32
14 25
43 46
20 19
20 4
14 15
2 40
47 14
36 40
45 36
31 10
28 12
8 26
2 35
7 41
16 41
39 12
8 49
50 46
24 28
17 42
8 37
20 47
11 7
43 21
5 13
38 2
11 14
39 41
25 2
18 7
13 32
13 48
43 32
22 16
17 45
22 15
48 15
45 29
1 18
35 49
6 14
33 20
2 27
28 14
2 41
8 6
31 38
28 9
42 19
7 32
40 43
33 31
7 22
7 38
35 25
2 16
4 29
9 15
32 3
19 49
29 46
41 19
23 31
29 28
33 43
39 20
39 32
50 23
48 47
33 40
3 22
11 41
28 39
10 26
39 45
28 4
14 12
4 38
25 36
16 18
21 50
34 9
39 11
12 23
3 6
16 50
25 8
6 9
15 8
19 38
28 41
34 19
12 49
13 33
6 39
47 30
44 15
35 37
47 22
42 21
18 32
1 49
15 29
46 23
40 37
31 12
6 49
22 36
9 41
30 17
31 2
33 1
16 49
37 16
46 38
39 15
19 25
47 11
34 3
31 24
28 34
9 13
27 38
20 29
23 38
26 38
21 27
42 50
33 27
33 6
43 8
39 22
31 3
39 36
5 24
40 22
30 7
9 32
25 38
36 15
18 21
16 3
19 5
5 38
49 17
39 46
8 32
39 30
17 34
10 12
30 11
38 18
9 19
17 1
1 34
49 31
36 44
10 18
49 13
14 24
35 8
5 29
15 21
24 45
4 44
22 25
7 45
1 50
19 27
47 38
26 13
5 3
34 24
32 15
21 45
25 45
33 38
34 49
5 16
27 10
37 11
22 30
46 25
50 27
30 5
1 16
24 3
15 40
13 30
15 46
20 12
46 5
9 12
46 2
7 2
50 49
15 26
14 7
27 32
39 25
6 30
6 12
12 8
28 46
43 4
7 4
6 7
18 8
28 42
2 20
13 42
31 27
28 23
3 1
3 17
39 9
13 21
48 27
35 29
23 6
35 22
10 6
30 12
18 2
16 33
23 36
25 9
25 32
29 25
16 11
48 4
29 30
10 13
13 35
2 50
45 31
49 44
15 7
22 23
20 15
16 43
43 30
42 8
3 14
22 38
15 25
44 25
21 26
4 25
31 13
6 21
35 4
16 17
22 1
48 8
4 47
37 23
27 36
11 48
12 22
27 14
6 19
23 5
10 1
40 26
32 6
35 19
4 14
32 22
34 12
1 36
32 47
12 43
10 11
29 13
40 11
2 9
5 34
47 8
50 26
4 32
19 14
32 35
7 8
16 10
14 16
11 1
3 26
39 47
36 14
1 5
9 18
31 41
14 33
41 14
10 48
8 44
31 34
21 10
5 35
35 41
2 30
18 23
36 4
13 24
37 25
34 2
16 42
13 34
10 3
8 20
11 27
36 35
23 15
26 34
6 50
36 19
46 45
16 4
12 15
19 24
25 20
39 31
46 20
26 30
35 18
46 16
38 35
22 11
10 43
14 8
1 14
1 4
11 8
50 17
7 31
13 43
41 33
23 19
27 16
38 13
23 32
45 22
19 28
26 37
10 37
49 48
13 39
50 19
6 1
16 48
50 13
27 43
26 35
9 1
34 35
8 30
2 36
42 22
13 11
42 15
38 11
50 43
24 22
35 50
15 19
29 43
8 2
50 9
33 28
40 49
24 8
41 45
20 31
37 28
35 28
11 35
18 22
38 41
24 42
30 31
3 41
18 40
9 29
42 40
6 42
18 15
33 18
20 49
28 31
21 28
1 29
4 23
37 46
47 13
22 26
50 4
48 3
26 16
44 10
5 43
34 46
7 33
36 3
47 19
37 21
3 21
16 24
50 22
20 37
22 4
28 47
8 3
5 28
11 50
45 33
45 15
2 48
5 42
27 13
16 20
37 47
25 3
45 12
23 7
5 17
47 26
33 22
13 18
23 25
25 31
9 22
34 15
22 21
42 4
26 5
29 49
32 20
46 24
17 6
7 50
35 1
15 4
40 24
18 43
42 27
50 31
32 41
37 48
10 45
33 34
37 50
33 32
34 38
10 35
24 48
42 41
32 38
20 28
33 21
38 8
33 12
37 42
19 32
2 45
24 2
33 15
23 3
8 10
17 21
46 41
34 7
29 27
7 47
4 33
42 10
26 6
32 2
8 50
13 40
23 39
49 14
17 11
15 41
37 32
40 20
30 33
31 42
13 46
40 7
8 33
17 33
13 2
14 17
48 50
6 2
10 24
1 12
26 25
48 21
25 27
19 48
36 7
27 20
7 17
27 45
25 47
36 47
18 14
17 20
29 40
5 45
39 14
28 16
19 10
23 14
29 18
27 12
28 43
36 17
11 31
9 3
36 11
21 35
33 35
49 39
20 6
13 19
48 12
44 16
21 8
32 50
33 23
32 40
39 33
5 20
48 40
35 6
9 4
39 21
40 17
25 18
15 16
1 24
24 20
13 8
4 18
40 25
8 46
17 15
34 23
43 3
44 35
3 37
22 49
42 12
12 25
13 44
5 2
26 14
36 24
36 8
1 7
17 28
45 32
46 42
11 28
44 12
23 48
8 28
41 26
12 37
31 17
37 33
45 20
45 1
45 37
26 44
48 33
2 29
39 48
41 17
44 45
25 5
21 31
3 20
24 25
2 12
24 44
50 40
26 36
23 44
31 4
14 38
18 41
47 15
48 5
18 48
30 27
42 18
29 39
30 38
2 14
47 27
18 20
23 8
34 32
41 12
9 38
32 1
27 41
5 22
41 37
2 39
19 18
42 48
45 4
1 28
24 15
16 7
2 19
43 19
47 35
7 37
11 19
46 1
20 34
21 2
7 44
7 19
15 43
30 24
48 22
7 42
9 44
34 30
23 2
20 9
6 15
46 44
16 45
42 36
9 21
34 44
49 7
33 5
47 3
41 29
1 37
6 45
42 26
20 43
6 28
46 30
41 30
27 23
43 44
3 40
40 38
15 28
24 17
46 11
7 43
45 28
43 1
19 3
1 48
21 38
41 6
9 43
19 46
34 37
30 50
29 33
27 6
2 11
22 41
40 41
17 2
39 10
37 22
18 5
46 10
37 27
39 42
13 23
31 9
27 9
48 26
11 4
36 33
28 27
42 11
9 14
30 37
49 2
10 9
40 19
33 10
32 21
37 43
19 8
40 21
23 41
12 19
30 1
45 26
37 39
30 10
49 23
15 30
25 17
2 47
34 42
5 44
44 48
1 15
45 11
33 46
31 44
12 46
3 12
32 36
23 10
46 47
7 12
9 37
4 6
20 42
41 36
25 6
11 33
20 21
17 46
47 21
24 41
8 4
3 18
16 40
27 49
50 20
