150 6463
100 115
141 139
64 129
27 70
19 7
47 43
114 67
127 40
65 107
146 5
74 109
69 104
10 34
149 120
107 38
54 37
109 37
35 27
115 28
21 69
56 89
80 144
117 18
16 18
16 4
74 139
75 21
63 123
100 59
72 48
137 147
55 149
25 2
20 44
20 122
35 98
117 150
101 20
79 148
32 91
105 86
73 50
106 111
46 116
52 36
93 94
35 104
128 68
63 118
33 111
145 141
123 92
50 117
110 37
88 34
106 120
1 140
93 1
91 123
39 26
6 81
24 15
79 80
24 62
118 93
59 37
83 147
42 72
93 10
30 104
14 114
143 103
141 27
60 68
109 136
65 140
135 77
146 38
128 101
114 61
96 81
91 73
55 84
65 86
28 120
38 3
16 112
115 147
131 60
127 91
7 111
104 49
51 134
148 100
123 52
117 87
73 30
58 5
5 51
44 139
48 117
20 71
16 15
87 39
136 2
17 50
148 76
144 9
108 31
119 121
114 23
46 146
68 11
45 124
86 135
101 114
110 41
31 24
48 89
102 112
49 45
75 103
82 94
90 115
133 59
13 33
126 7
7 8
22 20
119 34
88 132
92 6
65 57
130 107
47 148
25 78
11 85
99 21
98 66
124 125
1 129
95 98
138 86
113 62
142 102
97 11
84 29
117 12
53 80
78 35
116 148
5 122
15 46
87 21
40 76
108 11
2 83
39 21
147 142
31 83
59 110
121 31
71 61
73 9
23 9
94 71
92 113
55 64
42 99
141 9
43 59
80 14
116 37
77 79
112 126
61 5
85 99
17 120
72 25
2 127
52 94
19 127
103 70
133 44
92 132
51 100
129 99
3 101
87 65
29 144
38 99
7 61
22 83
66 96
106 10
70 57
111 105
136 110
27 54
129 49
94 12
134 133
98 27
93 65
59 71
118 23
53 122
21 11
79 140
53 3
39 148
39 45
49 107
39 141
21 72
90 102
52 83
143 54
118 5
108 105
130 28
10 91
71 82
133 102
60 9
104 125
1 102
112 46
12 123
23 116
120 116
85 16
11 37
2 146
20 98
4 67
137 62
41 36
48 132
145 132
8 48
125 146
36 125
75 131
146 40
126 32
13 69
21 60
57 105
77 125
74 67
111 107
109 139
91 146
15 121
95 134
65 100
131 67
19 91
149 110
59 129
3 62
14 124
6 1
17 108
37 115
99 60
59 136
8 46
113 64
133 40
78 16
129 148
40 60
120 131
103 115
106 39
34 64
16 82
148 81
126 44
129 108
121 64
30 65
141 18
41 141
98 31
41 103
66 53
88 89
68 85
27 33
90 131
50 136
41 133
99 8
138 137
10 149
34 7
25 18
28 3
78 54
36 30
124 108
45 25
70 76
39 110
41 57
105 91
39 48
51 99
117 100
47 85
116 26
73 148
78 136
117 136
51 49
9 85
10 25
75 119
23 54
13 133
17 130
123 67
57 106
53 13
69 1
44 100
14 126
59 66
118 74
149 88
81 56
20 118
10 48
1 8
145 133
62 9
8 38
33 58
6 14
57 137
145 69
83 53
39 136
102 88
150 10
14 139
23 6
112 85
18 77
31 29
56 146
41 21
81 24
101 81
91 134
62 56
113 13
79 89
46 34
50 53
128 75
59 55
49 12
34 66
51 45
25 147
93 13
94 57
144 32
14 112
41 138
129 126
133 97
78 84
112 58
138 88
100 101
19 34
136 24
29 62
142 39
128 44
124 5
126 75
67 40
109 46
112 98
84 44
138 134
99 147
40 74
71 128
13 41
84 59
71 17
9 113
81 38
121 74
55 142
139 110
19 8
118 144
115 60
19 45
102 19
83 17
100 138
113 130
70 33
74 75
31 2
12 118
61 116
90 68
148 65
123 39
80 89
121 101
103 67
9 84
69 142
86 129
105 27
86 125
63 99
11 73
130 24
147 49
96 15
76 106
80 60
121 19
26 33
40 51
93 42
73 107
110 112
72 52
39 71
79 98
73 81
106 124
119 12
116 1
143 17
17 15
17 129
145 21
121 57
140 83
77 84
57 138
148 98
1 86
47 82
66 97
102 69
3 95
74 60
35 66
59 70
111 78
97 56
16 9
112 91
125 11
119 107
95 146
94 105
3 103
114 62
120 137
136 115
47 102
34 134
36 147
148 117
116 138
124 143
57 16
87 77
1 41
14 57
57 130
31 85
142 64
68 94
35 105
5 135
12 11
129 38
29 4
92 140
80 88
48 23
30 150
63 62
102 144
121 25
137 104
145 71
20 92
10 141
100 29
52 86
88 134
93 107
82 107
71 108
51 11
122 29
135 50
88 65
140 75
11 64
10 114
142 13
149 90
92 53
141 28
46 117
119 55
19 30
79 44
60 150
72 146
62 45
25 1
56 95
52 19
2 90
54 39
49 99
101 71
102 131
122 94
55 49
23 70
79 43
149 124
81 149
132 26
142 143
89 3
48 136
107 28
22 72
128 82
95 93
23 46
74 134
116 94
112 136
10 23
146 42
33 118
91 135
97 29
46 9
43 61
73 136
40 90
58 134
84 101
144 120
76 15
117 5
113 15
17 31
29 16
134 147
80 6
77 48
13 84
111 51
47 146
74 87
22 111
53 26
34 31
34 107
62 98
36 63
126 90
20 23
62 149
61 35
66 101
21 49
90 36
150 22
14 138
65 97
14 87
140 146
122 135
74 104
127 95
97 145
149 38
5 36
9 78
66 137
130 7
143 24
50 89
143 44
82 126
56 28
53 24
133 2
79 125
38 98
95 68
93 3
16 62
28 18
79 97
13 34
139 23
20 34
137 112
45 105
14 58
120 36
65 134
13 126
115 58
84 95
89 23
60 90
29 55
21 10
25 16
68 81
134 9
25 104
128 6
48 3
88 49
18 15
18 125
38 63
136 5
128 89
141 37
68 45
86 146
137 110
49 105
12 146
70 13
58 74
114 106
134 116
37 18
143 1
50 20
138 35
50 65
47 100
30 13
24 57
37 124
104 98
37 132
41 27
147 94
147 22
105 19
79 133
12 128
76 64
149 131
115 2
88 150
31 7
136 128
83 29
98 3
114 126
71 102
112 28
79 109
40 75
63 76
4 83
65 121
11 148
87 25
129 73
111 15
16 106
6 133
16 46
49 74
27 29
136 34
55 138
102 120
96 115
16 97
63 41
46 14
14 101
38 116
123 108
127 75
57 123
4 2
125 112
130 75
8 81
115 105
149 93
150 139
120 104
8 139
83 7
22 100
144 117
114 46
75 26
115 89
105 13
48 120
116 75
22 33
35 125
61 64
23 90
133 65
105 93
4 23
81 91
140 69
104 142
112 105
87 49
87 83
118 55
12 140
58 2
97 101
54 81
79 126
98 100
96 65
3 85
98 77
108 148
39 17
102 22
124 31
125 96
126 43
129 85
2 101
142 107
83 139
64 80
71 27
74 84
2 113
69 80
48 55
118 127
105 59
3 75
133 27
81 70
48 112
134 10
79 62
66 25
106 134
83 105
7 147
53 61
89 40
97 49
37 99
95 5
110 22
108 26
104 124
29 127
21 118
42 54
112 15
19 96
114 134
76 123
103 89
71 91
143 92
6 139
82 66
83 134
41 32
69 19
100 112
17 114
100 2
87 61
29 65
128 99
104 9
135 125
85 49
70 112
115 97
113 108
21 22
75 53
95 92
79 29
61 126
3 31
102 110
41 143
134 53
73 62
25 56
31 51
84 60
68 113
77 136
45 38
86 32
14 122
138 123
59 148
99 22
150 9
135 81
75 134
60 16
87 97
141 92
49 58
31 84
111 59
7 38
4 96
104 87
44 120
53 101
28 9
29 128
142 130
54 76
86 7
6 62
101 25
20 78
69 64
104 57
58 137
54 48
125 15
145 18
105 95
89 119
99 26
56 142
88 68
123 9
14 15
76 39
51 48
71 130
43 148
69 91
129 123
100 79
41 79
90 46
44 138
44 40
68 139
32 149
57 142
61 67
68 46
65 109
24 25
26 113
76 87
25 113
46 26
58 128
7 2
131 19
133 139
67 8
72 95
28 102
15 63
89 124
67 1
101 9
41 109
71 52
94 13
52 114
138 58
114 34
23 76
94 118
81 98
4 94
56 57
66 21
75 44
72 96
104 52
69 109
137 131
79 120
67 136
130 145
78 42
140 119
71 95
13 121
18 6
26 133
67 93
137 124
55 99
4 110
98 135
18 134
16 11
84 134
66 129
55 8
24 21
113 6
81 137
85 25
68 111
100 20
18 5
84 123
34 138
70 98
79 104
63 12
130 52
129 65
113 7
7 13
105 50
120 134
132 125
7 84
4 115
102 127
47 99
127 4
49 109
106 85
102 149
4 10
41 60
24 70
16 119
84 110
80 65
93 41
102 95
36 118
32 80
131 77
122 71
104 62
116 54
149 33
58 29
31 42
133 18
116 107
99 41
109 150
136 65
94 75
43 38
68 59
94 125
52 63
143 32
20 120
3 59
18 126
91 122
29 107
99 87
111 98
103 65
103 129
146 64
127 104
32 92
79 1
25 122
28 69
94 126
96 88
51 13
34 53
71 144
103 87
79 150
44 5
27 6
142 12
25 6
76 86
123 117
141 1
86 92
89 123
37 95
56 132
84 105
69 35
146 18
66 143
112 20
39 108
105 1
20 56
47 5
92 93
25 13
100 58
11 83
36 13
40 117
113 18
98 120
105 29
41 69
84 89
27 142
145 86
30 64
35 143
102 12
62 54
54 70
6 74
18 35
39 6
8 120
111 64
26 137
108 115
4 6
104 17
35 13
88 3
37 131
99 96
86 84
135 11
113 45
53 86
69 96
40 21
50 102
15 94
114 122
85 5
149 78
32 54
110 115
133 5
80 92
122 86
11 114
75 18
37 91
76 35
33 10
129 45
40 83
8 21
71 96
135 92
33 127
53 70
19 4
99 95
104 84
53 42
64 32
86 85
17 51
63 2
76 55
101 32
47 115
82 75
73 27
91 41
27 63
74 68
150 72
61 16
112 13
54 129
29 131
52 41
61 122
20 133
18 50
61 74
93 145
30 79
64 148
70 15
42 59
148 12
69 87
33 63
59 109
39 102
138 29
8 18
20 18
32 88
64 86
24 14
129 115
117 1
133 74
66 50
132 119
16 26
122 54
44 136
33 23
20 137
40 35
111 16
27 89
99 48
91 9
54 60
115 131
49 75
70 19
147 73
64 7
103 12
40 50
120 4
117 129
142 134
10 79
133 54
15 74
82 56
24 99
59 4
61 47
63 83
26 77
87 90
94 117
59 107
122 93
77 50
119 128
2 49
20 99
148 48
107 30
66 40
135 23
43 132
115 92
11 140
133 29
94 131
65 13
110 90
21 31
35 131
108 30
99 5
44 131
124 69
118 117
89 4
31 66
94 91
35 62
102 119
63 5
123 113
145 12
109 40
79 95
106 78
54 33
18 102
117 76
65 149
134 141
16 34
70 97
107 14
96 29
74 83
141 125
69 92
2 120
138 53
27 112
49 54
119 100
135 80
78 63
116 118
25 131
104 43
8 77
68 124
44 132
82 43
93 129
76 111
71 131
81 97
81 59
104 85
59 122
100 55
23 105
4 130
138 11
98 84
137 127
68 143
65 131
73 32
110 128
113 38
146 133
72 142
96 127
51 34
112 121
101 7
12 149
37 81
79 39
1 17
139 130
52 11
96 94
133 11
59 20
115 81
62 20
146 33
148 38
27 124
46 6
18 105
105 109
35 8
5 109
101 117
38 77
105 106
111 123
91 33
72 124
92 47
138 133
101 132
37 66
119 41
18 93
53 22
113 118
93 58
30 81
92 5
111 148
74 21
88 86
61 134
145 56
72 128
5 33
129 37
44 86
73 115
9 19
92 145
49 93
98 88
116 144
33 60
96 105
123 145
53 105
2 66
69 114
121 20
140 9
120 142
91 7
92 105
7 47
92 28
20 123
82 129
56 121
118 137
104 102
78 135
55 60
111 99
106 69
140 40
22 127
22 97
25 32
33 88
43 4
55 20
16 56
11 44
16 33
8 115
143 59
53 126
39 24
77 97
119 10
71 51
59 75
7 41
115 122
133 84
126 64
51 7
12 79
36 141
129 128
36 134
84 108
135 69
120 124
129 6
94 61
18 119
44 24
30 119
132 6
111 149
38 125
29 26
90 134
32 103
111 91
95 40
142 131
28 94
93 130
129 33
17 124
148 90
138 23
58 94
117 16
127 136
5 113
85 61
73 112
13 47
25 92
101 56
115 25
95 16
80 150
81 83
74 94
61 68
120 111
141 70
100 132
82 98
67 129
14 68
17 107
27 130
92 73
74 117
13 39
50 114
109 63
126 66
130 16
27 69
116 81
121 125
78 58
82 113
131 38
90 7
114 127
60 36
109 52
50 35
72 3
123 143
88 10
6 72
13 56
18 9
56 14
104 10
58 13
25 19
34 47
35 91
17 150
129 31
113 10
22 71
61 3
23 86
117 28
38 112
110 121
38 61
144 54
134 12
21 96
128 84
111 138
141 3
90 47
130 33
39 80
59 1
79 19
8 148
102 55
88 72
136 105
71 66
20 125
10 125
74 92
79 35
72 119
87 31
22 25
21 149
38 52
105 20
134 16
79 33
63 136
73 51
132 62
108 128
84 62
44 130
32 82
137 98
66 14
148 118
122 99
12 116
91 62
21 142
22 15
101 68
125 138
139 88
146 48
53 133
67 18
50 9
104 22
11 79
97 148
17 76
29 91
109 55
44 57
94 88
22 141
57 58
92 63
58 75
39 19
66 17
90 140
50 21
88 128
146 126
52 50
9 25
29 130
79 9
136 144
3 144
9 71
3 105
35 134
31 58
39 5
59 60
82 97
129 57
137 87
86 106
142 46
30 29
121 46
102 82
130 146
53 110
135 75
148 143
95 135
112 118
58 88
71 77
83 70
145 76
67 53
142 93
100 125
58 104
78 39
75 46
97 124
72 71
96 104
150 4
3 69
99 140
96 83
97 12
60 148
18 64
81 99
2 71
47 2
134 43
64 130
81 124
117 141
7 69
91 38
37 97
84 146
87 72
46 37
21 46
17 61
86 36
94 110
61 52
141 64
6 114
105 81
116 117
134 6
29 3
123 21
146 121
147 8
32 67
131 4
147 23
141 120
111 61
16 145
67 80
132 10
27 53
121 79
139 16
113 122
63 60
51 30
115 126
17 80
38 55
86 38
113 12
105 42
5 81
130 11
32 102
142 49
59 56
34 75
86 81
108 80
49 36
73 79
8 134
30 16
82 116
81 31
46 107
91 59
18 94
120 136
15 40
119 15
60 34
10 64
53 51
30 1
54 56
1 145
90 130
38 9
49 91
71 78
34 72
109 87
119 54
58 47
111 63
119 135
5 87
119 98
72 9
74 57
142 34
33 38
48 124
111 103
41 146
90 41
19 104
38 2
133 38
17 100
95 145
89 34
36 64
137 52
100 8
140 72
91 74
93 124
76 144
20 24
98 13
94 63
61 100
35 6
3 76
60 149
33 120
139 67
113 34
107 61
8 98
7 99
138 91
134 105
10 94
95 36
45 123
136 147
97 7
140 81
35 147
12 30
29 110
65 76
99 83
75 107
115 87
138 136
124 129
116 99
24 4
7 50
122 60
63 59
80 104
34 80
10 7
19 78
113 115
68 89
120 21
146 107
72 108
121 150
150 13
13 21
103 27
147 80
37 134
90 114
19 77
144 19
73 26
143 20
139 108
23 132
49 39
150 27
2 37
127 58
17 46
102 143
89 109
98 17
46 82
52 98
71 132
138 140
3 11
60 77
15 92
66 84
58 52
139 15
118 62
114 26
90 143
26 19
32 139
123 116
126 65
6 3
98 43
37 84
130 83
1 95
72 120
72 105
87 79
54 102
106 49
59 52
11 113
150 43
78 68
95 139
114 131
12 3
124 15
137 91
85 24
20 5
57 90
135 3
6 15
34 6
83 34
119 131
137 61
43 129
85 138
35 141
83 132
86 118
148 104
110 1
130 117
18 36
66 134
71 12
111 147
127 107
8 142
129 127
55 116
128 65
42 11
93 138
150 114
115 101
58 132
53 137
61 6
72 33
144 91
121 103
90 22
131 45
138 59
76 37
98 47
60 26
24 133
107 44
81 90
89 33
76 82
126 51
119 147
71 57
145 15
9 135
65 112
61 13
38 94
3 68
46 80
65 68
84 107
45 145
105 117
84 138
149 26
10 16
75 73
77 109
131 135
126 108
101 91
121 142
93 63
4 76
121 144
139 41
125 16
120 73
36 88
80 22
13 103
126 132
78 87
28 82
69 118
111 57
39 118
70 58
28 67
145 143
59 58
87 144
53 40
68 35
136 29
112 32
75 55
34 122
109 57
80 105
7 92
141 23
45 122
107 123
20 148
142 4
133 72
109 44
18 2
21 116
107 131
78 105
81 111
74 13
51 88
78 107
15 137
90 118
137 44
123 104
30 122
109 24
111 82
38 37
144 8
72 76
125 88
143 113
14 147
24 93
82 1
3 121
8 122
89 105
103 146
109 99
18 82
89 31
94 33
38 47
25 40
120 90
2 148
111 114
116 31
147 10
25 134
106 133
109 8
94 108
29 7
39 14
75 115
93 90
100 149
53 41
61 131
130 65
31 136
40 46
139 54
12 80
144 114
106 118
4 50
121 60
136 4
56 67
44 29
74 146
55 130
36 58
95 4
47 149
9 110
41 38
68 103
5 125
54 145
69 23
27 123
48 126
33 145
55 95
15 44
21 108
55 94
90 58
133 130
12 106
4 62
20 84
9 98
122 119
110 60
127 123
29 75
96 37
104 81
137 72
22 103
144 138
124 44
117 71
31 75
93 121
96 20
146 63
55 114
107 143
109 72
4 135
55 135
118 85
148 133
94 109
87 141
5 53
63 122
102 116
87 22
27 44
44 81
143 122
109 122
127 51
126 107
71 36
111 139
116 93
52 133
6 36
8 135
60 28
58 136
124 139
46 67
127 65
131 147
81 117
15 25
92 109
40 11
98 14
117 36
70 5
37 62
130 136
79 108
111 71
135 82
76 110
128 79
101 22
123 30
143 88
96 58
129 143
107 8
105 90
33 82
142 119
135 65
19 29
145 102
142 20
91 26
105 143
33 67
95 126
34 144
70 20
101 5
28 108
105 101
66 20
59 64
146 149
93 37
40 72
119 141
40 49
103 147
65 31
26 96
24 2
81 89
123 141
85 133
111 95
84 137
142 11
113 103
32 31
79 136
85 124
122 16
15 132
28 22
107 105
12 57
112 55
4 5
8 103
138 76
96 100
40 126
41 94
40 33
27 21
135 93
51 23
148 146
62 5
111 101
35 99
111 122
88 52
21 136
33 141
126 97
71 120
9 5
107 1
63 16
10 43
133 110
60 18
29 50
23 140
121 105
113 59
143 99
37 58
2 87
10 46
135 48
6 17
22 8
29 34
24 64
134 122
41 128
53 136
80 148
112 21
39 83
32 131
80 16
57 136
77 65
77 96
121 131
103 133
51 44
58 21
48 96
106 93
91 143
23 17
109 135
105 41
57 49
90 133
38 34
13 82
97 30
146 19
147 4
24 33
6 94
145 146
41 19
104 146
126 122
35 136
21 71
115 7
147 126
28 148
146 32
128 5
22 10
83 59
32 77
139 56
149 130
103 110
6 24
87 57
127 84
86 100
46 59
98 91
146 60
38 23
143 13
142 82
101 82
37 51
66 103
120 88
52 3
52 141
43 108
149 9
1 131
50 147
16 49
122 70
78 97
87 129
94 107
117 65
42 92
122 18
120 112
18 79
103 46
19 95
25 88
43 19
37 86
146 113
24 41
110 52
133 49
111 38
52 126
127 70
8 15
40 27
54 108
125 37
103 11
16 132
140 34
107 81
7 141
71 115
110 119
13 44
122 107
91 61
55 126
45 130
104 67
94 40
14 88
5 60
60 108
150 115
34 8
17 14
107 39
108 40
101 79
136 8
40 42
56 144
60 47
25 99
55 57
120 40
28 88
9 61
47 10
40 71
10 129
30 26
93 108
133 94
17 29
141 25
46 77
108 92
127 26
132 150
76 113
101 21
107 68
55 132
113 106
124 60
20 104
33 31
104 3
57 10
48 36
115 23
104 109
88 41
70 134
49 59
35 110
113 39
66 127
86 13
76 137
132 36
63 116
131 112
12 76
16 32
114 18
43 114
127 87
135 115
146 62
102 139
112 113
107 97
92 103
60 118
148 46
10 67
24 137
29 69
109 101
126 116
111 116
55 11
90 6
30 44
99 33
22 47
77 115
97 35
94 11
29 104
43 149
98 78
67 92
77 124
127 86
116 59
139 125
31 37
1 109
23 149
27 28
148 134
135 101
124 132
40 56
27 115
35 67
52 32
131 34
134 69
93 109
41 120
75 45
28 103
74 129
76 61
121 23
98 73
63 48
80 86
33 134
126 149
31 105
96 49
90 103
147 116
35 7
39 144
91 121
139 7
132 19
143 144
132 46
80 42
106 41
63 143
9 82
125 26
133 114
65 34
28 61
51 85
49 63
96 82
80 130
52 115
139 116
77 57
4 60
27 95
56 66
78 147
106 92
74 111
117 93
31 123
5 114
87 17
108 90
146 123
128 93
112 11
62 64
35 126
67 135
28 77
32 100
102 45
149 150
64 44
13 9
71 75
56 48
66 18
135 57
35 63
116 19
137 16
96 46
112 66
96 33
144 119
132 45
148 14
25 30
20 21
131 74
101 90
141 108
20 25
133 1
74 46
116 77
103 62
67 77
146 7
4 57
27 128
80 51
82 127
136 87
7 22
98 85
79 122
135 41
16 13
23 99
128 20
142 125
134 128
57 43
105 110
75 92
125 9
25 11
23 95
138 113
14 19
67 75
60 89
125 123
24 11
121 54
150 26
106 7
133 55
23 110
87 54
150 46
65 27
125 60
60 136
88 57
42 84
10 17
51 26
34 137
17 4
10 41
78 112
75 20
6 125
18 56
144 31
136 85
6 59
25 21
62 94
144 105
8 23
44 19
106 121
135 2
145 136
16 110
139 115
117 83
44 41
147 141
38 101
69 88
76 130
74 115
146 81
3 94
59 142
88 140
40 43
111 19
133 35
67 2
24 89
12 13
32 44
10 137
90 99
57 93
37 133
59 13
86 73
29 32
53 43
114 37
146 138
1 80
118 146
145 99
129 13
147 130
7 149
26 12
31 92
98 128
138 56
91 60
129 19
38 127
26 63
47 93
54 99
97 90
58 68
129 4
27 147
84 39
121 129
68 40
54 38
58 144
14 44
133 22
103 47
69 112
42 43
65 9
132 13
95 109
103 38
75 12
112 56
113 69
46 7
94 17
36 105
30 40
145 122
137 95
71 92
65 61
129 69
39 125
143 149
129 97
125 27
137 54
87 138
79 149
52 46
102 44
5 55
131 81
52 80
75 14
38 85
30 46
32 30
73 61
37 139
31 9
50 106
108 29
149 5
31 79
109 123
64 89
17 13
146 45
150 32
129 139
6 78
61 127
74 142
111 6
111 79
72 102
16 50
83 125
127 69
83 113
114 143
97 28
75 93
40 103
81 132
12 9
103 145
99 50
89 69
98 130
120 66
37 150
143 22
82 95
107 140
2 9
18 120
27 11
61 56
101 125
135 64
26 147
58 114
150 14
131 48
11 84
131 46
39 89
27 5
48 85
67 121
117 49
21 117
17 73
82 85
21 131
91 147
114 20
70 18
76 34
150 84
49 31
131 13
73 6
10 28
93 35
125 93
105 28
85 59
97 58
39 116
16 131
46 110
75 95
43 86
87 1
68 104
72 26
81 129
91 84
145 77
11 17
95 49
137 56
2 28
42 142
114 57
139 47
71 87
119 1
90 64
36 109
109 7
114 25
87 34
30 68
19 128
57 89
150 70
60 79
38 39
84 117
47 79
18 85
122 38
124 62
25 75
30 120
44 65
37 145
26 86
101 120
80 70
102 84
126 24
124 133
66 109
74 114
89 35
136 23
143 57
48 116
20 81
142 123
28 53
118 134
146 144
36 131
134 1
141 38
94 81
138 63
2 97
150 15
39 9
105 16
92 148
36 94
93 5
58 80
144 128
52 99
6 22
18 76
133 63
123 43
135 140
102 61
1 138
96 16
73 105
52 64
67 50
54 11
54 41
106 32
59 33
7 39
76 2
76 62
33 21
83 127
106 116
5 115
59 21
83 148
41 68
94 69
102 77
31 107
117 6
48 92
122 23
42 19
78 99
35 129
36 72
5 88
79 2
94 9
72 125
17 79
125 91
82 60
72 93
129 60
113 144
82 10
18 149
115 99
91 109
16 103
76 51
126 81
48 133
56 120
92 121
118 132
23 47
17 91
80 63
137 141
61 104
113 29
27 31
117 60
131 33
76 96
44 8
21 19
137 88
94 19
98 5
72 77
49 35
111 124
66 79
39 12
116 90
11 4
138 77
83 37
24 107
87 58
86 19
78 91
70 108
128 50
21 132
70 119
95 123
17 102
120 145
122 89
33 7
150 137
86 111
36 53
31 4
132 87
52 56
19 10
72 37
83 19
36 28
94 124
90 12
102 37
39 53
118 123
69 57
78 79
47 108
104 40
97 45
90 72
129 40
10 14
22 32
120 10
62 147
16 21
121 35
56 68
96 24
118 18
31 134
148 1
32 145
134 15
100 131
104 91
135 79
8 101
83 73
129 95
90 92
57 33
136 95
132 84
65 41
131 86
62 129
53 16
34 106
36 11
8 28
19 140
65 46
79 14
64 29
120 87
99 86
10 63
19 119
131 97
17 42
36 77
91 45
121 30
120 38
119 31
32 117
146 127
91 95
42 2
149 122
99 113
12 109
69 100
55 105
3 39
47 24
40 99
7 110
69 117
132 3
132 85
87 84
98 69
9 108
122 22
6 105
37 122
108 143
88 29
79 63
11 110
17 103
125 47
105 25
14 51
9 100
47 147
35 25
113 125
46 39
106 91
68 96
137 79
96 140
150 148
143 150
121 116
23 11
130 6
10 68
121 36
23 126
10 99
26 8
131 148
98 80
57 22
70 88
42 114
34 73
22 61
122 120
36 61
41 84
5 64
125 69
41 150
149 61
35 45
20 4
107 129
115 29
58 44
28 129
136 16
74 116
72 86
54 66
71 3
8 58
115 134
36 3
132 32
51 84
103 139
142 5
108 35
86 79
104 115
111 20
15 116
32 128
105 22
125 109
25 4
30 126
23 37
8 92
68 118
78 60
8 117
34 23
90 53
45 26
93 132
127 49
96 35
150 111
55 98
124 148
140 3
37 25
37 104
105 26
50 60
149 105
76 11
27 13
86 91
122 9
8 2
26 141
66 13
47 116
138 9
44 101
10 1
106 97
110 126
46 137
108 44
8 52
137 148
84 15
44 45
113 17
110 10
41 101
132 70
97 86
93 4
1 61
69 43
60 94
10 78
87 59
99 106
114 56
10 138
9 137
105 56
88 112
106 61
73 132
115 116
53 32
64 3
64 115
12 35
91 5
111 140
87 12
58 40
142 28
41 102
33 73
73 94
90 11
135 89
108 25
132 57
44 135
61 46
59 44
146 59
74 63
50 104
144 131
115 94
78 82
140 62
91 102
88 124
147 45
95 73
7 27
85 91
66 22
142 54
48 26
39 64
78 110
143 95
109 32
31 52
48 100
82 90
86 110
97 9
20 80
64 12
108 14
12 19
96 12
146 110
15 91
129 91
128 28
37 16
59 40
125 76
120 25
147 90
12 51
65 139
15 120
69 52
38 1
132 149
66 105
93 148
65 122
54 28
72 2
47 131
33 136
111 10
52 107
27 52
92 138
23 49
125 63
112 47
55 14
88 110
26 140
94 98
50 70
131 41
98 24
150 57
140 44
28 58
99 57
138 97
147 67
128 70
54 22
146 128
29 66
75 124
100 129
82 120
119 21
80 149
95 30
42 48
67 30
2 54
45 57
145 129
84 80
59 144
32 48
109 30
7 3
43 100
83 128
56 37
64 57
14 121
123 38
116 40
57 37
126 12
62 80
22 4
140 144
16 135
127 99
16 59
93 144
19 58
44 88
16 87
65 75
31 133
120 52
50 91
31 115
147 149
116 72
17 16
106 43
6 33
101 51
88 42
18 14
10 62
116 33
83 5
74 19
23 94
84 4
65 78
107 45
26 106
48 95
100 141
127 11
139 123
112 9
108 87
102 14
11 89
100 133
73 65
150 64
97 140
57 92
40 100
88 83
4 41
6 43
36 38
67 70
107 147
73 36
46 27
65 19
100 89
126 5
98 92
14 144
67 125
8 132
82 67
41 134
128 51
117 86
139 49
52 143
147 39
126 141
118 56
95 7
70 149
86 18
96 8
84 24
135 143
111 69
122 77
61 34
47 52
15 53
118 38
54 40
8 121
96 113
1 64
33 85
40 55
26 117
50 15
25 137
67 23
4 7
45 48
88 79
108 41
82 114
41 75
139 134
31 18
53 20
8 76
44 144
79 72
44 116
100 3
78 104
135 42
32 76
141 109
81 39
27 12
22 96
18 84
100 37
72 53
37 92
144 141
21 3
87 101
126 136
51 55
106 24
119 74
65 116
76 131
8 11
95 96
109 147
16 6
145 104
91 150
62 120
32 51
7 15
74 8
20 149
62 133
79 42
24 78
42 136
135 104
93 20
12 86
88 113
64 137
60 92
41 85
123 110
30 142
47 67
101 131
12 32
35 127
132 7
63 141
132 107
98 19
8 119
150 49
107 150
105 114
54 128
28 76
97 146
94 130
135 85
119 36
94 42
114 139
147 123
67 115
67 112
88 7
68 66
6 85
146 71
89 91
100 5
30 49
52 57
71 121
12 37
82 38
70 123
33 124
48 46
100 45
88 35
74 22
84 143
90 107
96 44
98 142
127 18
32 141
109 29
101 31
137 146
28 89
54 105
4 98
90 4
29 57
110 54
71 142
115 35
63 114
53 135
68 130
39 29
61 150
24 103
64 21
100 30
103 124
141 55
125 137
140 143
70 17
139 145
26 7
136 96
6 52
149 4
97 88
20 145
130 105
32 40
150 71
42 111
85 53
17 36
61 124
150 118
115 3
129 96
16 45
50 87
114 75
75 27
1 73
80 107
32 111
36 57
4 56
85 128
69 133
122 26
51 66
117 126
72 28
83 69
67 17
79 139
22 82
104 63
20 109
7 128
89 47
43 76
145 134
139 105
129 3
93 68
15 48
103 36
103 71
122 140
139 97
30 127
54 17
19 147
64 14
149 84
90 83
20 65
65 64
32 116
128 35
72 106
132 130
7 59
64 20
122 123
145 84
22 44
123 35
118 37
109 9
57 40
122 28
32 120
70 147
42 128
40 125
78 140
109 38
52 140
27 16
141 116
127 103
41 125
100 146
37 35
123 62
140 55
15 85
5 7
107 70
147 20
96 111
112 35
22 51
70 139
1 85
93 103
81 53
108 69
95 140
127 120
2 11
148 29
72 59
135 34
125 55
16 148
54 90
48 37
75 35
50 45
130 92
120 5
39 137
80 119
27 104
23 19
141 60
133 147
129 80
72 19
10 145
98 75
139 147
135 61
35 38
95 103
145 142
99 36
74 120
59 89
113 84
31 64
14 33
62 61
27 61
95 29
67 90
64 138
106 109
80 143
9 106
87 148
31 40
66 12
90 44
92 61
109 76
8 143
138 22
24 23
28 34
55 120
134 103
28 40
125 122
69 74
77 82
92 36
20 57
15 105
64 144
17 146
50 94
28 110
133 16
8 36
120 108
46 104
85 140
76 1
53 37
84 140
85 119
103 116
130 84
105 129
99 53
52 10
49 10
104 24
109 16
22 26
95 35
132 99
132 134
17 118
9 45
14 143
39 51
126 11
36 146
76 74
85 113
141 19
126 41
125 19
138 7
111 80
12 46
88 39
141 146
4 55
113 105
127 119
27 109
68 52
85 137
22 38
11 109
85 64
71 53
41 26
124 28
55 147
19 24
42 148
2 57
39 104
53 4
34 81
76 136
63 32
36 12
35 34
147 53
33 8
67 5
52 22
80 137
89 61
52 84
36 143
85 4
71 49
52 15
53 46
118 138
37 108
54 118
121 10
13 128
52 129
141 83
27 81
20 130
20 28
16 143
93 134
61 31
62 99
98 72
138 83
122 76
51 150
48 13
129 147
15 103
108 136
137 29
117 25
32 68
98 54
148 30
71 98
78 11
92 9
143 85
101 80
6 53
118 15
122 87
61 14
107 112
101 48
102 109
25 110
20 88
145 48
7 103
116 83
96 56
140 76
17 72
103 105
82 99
97 48
148 71
51 92
82 83
138 104
4 133
103 118
39 62
17 19
98 115
14 83
95 53
88 50
147 32
50 42
30 57
101 76
142 137
57 53
69 120
119 99
117 124
119 2
8 27
5 129
59 39
114 142
6 98
142 89
83 126
55 88
25 73
52 118
69 86
61 103
120 3
54 85
44 125
76 14
77 27
118 70
148 24
45 14
128 137
69 51
16 14
148 149
69 103
42 121
41 50
5 123
30 4
36 82
26 1
136 32
111 112
134 21
114 108
49 134
122 137
61 117
92 110
54 107
42 81
63 142
100 6
85 17
114 110
12 22
44 112
124 102
12 101
8 82
70 56
96 73
64 56
121 97
4 1
30 21
136 91
31 117
86 130
31 150
42 20
72 94
5 19
22 65
4 48
32 50
57 91
7 66
65 38
32 60
69 93
77 147
114 21
118 92
56 136
118 61
69 34
52 127
137 22
93 70
127 5
51 82
141 91
29 41
31 135
85 111
84 136
12 68
85 80
50 120
76 120
132 127
74 56
20 89
141 101
110 26
100 80
78 122
140 68
32 55
95 121
48 30
117 108
100 83
89 92
34 133
126 31
6 38
4 78
94 95
98 132
58 16
9 51
89 46
58 22
71 81
38 17
129 78
146 139
14 128
122 85
22 89
85 70
139 21
64 107
143 69
26 135
113 100
41 80
135 51
86 35
66 144
142 75
53 29
43 112
87 41
80 134
38 70
32 39
13 40
82 3
27 139
78 138
22 18
15 133
132 20
37 21
87 52
50 6
47 136
103 44
93 30
43 120
142 108
70 146
81 9
74 108
111 31
30 14
45 90
53 58
89 145
31 103
17 8
5 143
100 24
18 108
5 37
4 100
99 141
126 2
84 131
9 15
136 80
133 36
125 45
36 89
25 7
122 24
135 43
37 113
12 81
75 11
82 122
28 7
73 122
40 143
8 94
108 34
74 16
137 77
21 42
119 139
32 96
72 103
140 48
32 17
125 49
24 125
97 95
44 91
107 20
24 40
121 126
29 81
61 96
60 114
121 55
77 142
122 104
70 121
27 120
69 50
1 48
36 140
75 125
86 77
61 136
23 25
86 10
10 71
80 75
130 140
23 61
121 48
81 21
115 15
5 26
26 21
47 129
98 89
17 35
10 117
105 14
63 82
60 103
72 43
109 131
126 127
99 94
85 103
77 104
37 135
20 49
69 42
84 100
23 22
51 116
139 80
4 112
1 70
13 42
76 150
102 140
26 97
78 22
86 54
14 70
107 40
141 62
77 111
32 34
65 138
69 2
91 110
33 68
25 97
104 103
83 12
2 82
6 48
128 131
60 7
90 48
16 47
113 49
111 97
107 11
132 111
25 109
116 57
36 115
39 41
145 40
109 108
7 96
125 84
51 124
149 6
46 128
30 50
79 68
114 84
144 72
98 36
73 145
97 89
88 122
115 39
146 69
27 57
45 65
100 78
144 94
17 121
39 86
7 82
18 110
144 15
49 115
101 60
28 119
41 34
140 82
148 9
130 124
68 16
145 83
46 124
141 102
103 122
140 25
120 80
21 148
92 112
92 111
62 57
127 57
67 84
73 114
80 97
10 38
89 99
20 77
59 104
64 58
40 91
100 46
35 20
78 113
11 150
135 124
5 75
96 51
126 28
77 100
93 77
101 70
106 21
7 135
106 59
29 22
47 127
135 120
140 66
25 146
125 127
44 150
99 125
2 45
139 85
92 126
89 116
23 119
110 118
30 113
121 47
56 55
135 40
99 142
144 27
136 1
114 92
100 140
56 30
47 48
30 41
12 1
106 88
107 114
123 16
12 5
95 64
67 116
4 114
122 106
111 60
40 115
98 22
107 113
71 1
120 77
140 30
141 112
116 137
124 116
87 43
1 58
98 83
103 114
77 12
29 92
109 126
84 70
133 28
149 36
128 117
33 109
51 102
43 15
43 18
138 24
131 63
86 139
31 48
47 141
58 45
21 48
106 142
79 36
93 127
93 150
111 146
66 15
67 14
8 40
142 129
139 98
91 6
24 22
77 129
96 145
148 52
42 8
57 23
98 32
97 41
82 11
123 2
56 8
74 130
142 87
138 32
141 48
141 142
121 84
27 38
96 137
58 6
89 1
59 130
12 53
128 149
23 103
27 3
55 111
71 107
143 65
30 137
106 2
79 141
70 42
114 66
23 73
47 144
20 115
88 131
128 40
5 65
127 150
134 45
76 118
123 49
97 75
25 62
102 3
128 4
130 22
98 29
45 95
140 134
79 83
55 103
15 12
60 106
40 45
126 142
28 55
58 148
56 6
143 87
111 53
89 114
118 47
100 57
93 6
147 31
41 136
122 31
43 37
58 34
145 112
139 93
27 90
129 138
59 98
49 83
57 54
143 48
88 108
134 11
83 146
63 30
107 47
107 5
131 58
32 10
144 57
66 72
28 5
28 65
37 121
28 47
49 141
35 140
82 91
92 134
106 1
41 66
1 115
143 12
107 102
77 40
144 41
20 108
79 16
90 16
101 59
90 117
67 144
14 25
32 56
94 45
84 28
149 53
82 61
138 141
29 47
36 25
43 88
34 15
53 1
119 88
36 16
52 44
10 45
20 72
115 91
76 50
112 7
10 59
42 150
119 61
15 39
136 88
83 102
99 105
95 70
86 31
85 89
20 40
79 32
51 145
105 119
10 61
15 147
145 105
102 111
110 61
22 124
59 96
43 136
146 75
127 143
76 93
15 71
50 96
25 142
80 115
130 87
31 57
56 44
42 110
27 85
102 137
27 101
66 73
137 65
25 46
109 23
55 19
12 124
6 143
39 133
75 43
13 89
88 121
141 136
19 130
99 101
37 71
50 24
113 81
81 123
104 33
120 42
29 99
120 45
105 32
35 60
57 3
134 136
37 98
42 117
59 41
88 76
83 120
2 51
42 71
79 67
120 93
127 43
41 40
138 114
140 94
119 46
9 41
131 123
121 68
129 56
133 137
68 109
17 45
85 23
137 111
116 66
115 142
137 43
3 133
92 129
15 37
102 42
82 37
60 51
68 141
40 139
147 144
139 34
5 112
94 51
51 117
5 29
82 144
1 35
80 3
77 146
93 110
37 64
66 139
73 78
24 46
37 17
149 59
40 113
69 131
57 134
137 97
139 132
13 23
40 131
143 47
115 14
124 73
43 39
23 100
10 142
42 112
47 39
95 128
104 48
32 115
98 48
88 118
54 100
37 6
53 130
38 16
130 119
142 84
89 83
127 144
146 132
108 59
31 120
117 55
102 98
98 42
108 5
18 132
16 66
18 101
95 38
146 80
102 108
120 68
63 11
145 5
135 96
53 145
128 16
46 118
89 14
122 139
120 118
34 145
56 29
34 49
67 9
106 119
32 123
77 4
17 144
53 54
78 123
59 139
119 133
23 125
118 48
97 8
119 95
37 26
125 7
107 35
138 103
143 33
121 149
69 37
125 97
51 20
53 131
90 73
71 93
70 51
24 105
54 50
62 92
130 123
73 42
62 144
134 23
100 70
37 126
106 100
133 117
69 147
18 44
89 133
139 117
129 104
111 21
50 31
11 147
44 121
21 125
150 101
64 49
30 105
79 38
113 147
71 32
53 109
3 74
119 78
73 38
49 144
90 94
96 102
64 116
110 24
3 42
103 117
45 30
81 118
124 56
52 75
131 87
29 43
110 99
55 39
25 124
101 104
12 120
41 148
38 108
125 118
66 78
35 28
138 16
62 40
83 108
120 1
30 10
95 115
39 72
142 3
59 53
21 43
2 149
72 111
130 39
68 84
107 37
43 117
114 16
101 138
133 112
3 45
32 127
3 96
3 107
14 65
54 44
138 95
30 62
63 29
55 50
119 13
104 143
28 13
77 42
84 72
113 148
96 86
77 114
37 137
48 103
111 34
45 18
111 11
66 33
16 55
52 65
24 8
93 60
118 71
65 24
91 124
75 32
99 58
26 35
87 56
109 103
1 127
6 11
109 48
103 9
106 13
24 141
138 71
45 138
82 64
102 148
55 113
150 126
81 61
41 132
12 144
17 119
145 23
81 143
6 102
115 93
20 97
59 38
77 5
75 112
13 108
141 96
109 15
139 57
52 62
78 95
28 49
64 17
145 27
11 7
91 83
104 128
76 124
31 10
92 122
40 18
117 17
11 149
116 9
85 29
132 52
91 1
27 138
111 44
89 74
149 83
58 67
63 70
121 12
104 108
24 26
117 19
34 94
61 113
70 8
47 12
88 71
90 79
68 142
38 142
31 138
132 49
21 115
106 148
69 48
130 131
114 109
102 43
90 43
137 40
129 20
22 56
122 105
150 66
101 11
101 64
2 80
111 46
73 111
95 11
144 46
33 98
105 39
55 61
65 83
51 36
92 54
120 49
87 37
8 86
113 140
52 66
65 145
91 8
96 11
64 87
98 23
128 77
58 143
73 52
62 15
42 41
111 128
132 131
13 57
99 102
87 93
112 39
4 117
42 57
3 32
26 3
36 35
25 69
110 109
113 36
137 106
62 142
43 9
5 57
57 50
110 32
41 76
29 120
59 119
31 62
100 35
117 143
39 127
71 47
52 18
78 116
118 27
116 14
9 139
75 13
58 79
50 95
121 81
66 55
63 65
113 32
43 80
52 70
146 43
121 139
101 124
103 74
82 117
39 74
121 122
61 19
133 128
132 40
45 139
121 114
3 145
137 132
107 137
38 134
139 19
117 119
74 88
128 122
131 3
37 13
69 20
54 71
24 140
72 11
137 92
14 133
13 123
53 128
2 95
13 19
67 59
7 49
45 108
31 78
82 121
1 52
50 2
80 71
48 12
128 15
73 55
146 11
98 110
98 108
31 149
118 51
14 37
129 72
68 48
110 62
19 27
94 106
115 144
118 41
36 23
111 8
71 74
139 33
78 118
53 73
126 26
95 47
9 105
68 8
35 81
110 15
93 131
52 97
70 133
73 135
99 126
50 61
107 124
1 11
137 35
7 102
26 82
115 85
65 110
75 10
89 76
140 114
109 117
50 103
69 55
79 46
114 115
4 111
18 100
86 109
123 7
13 5
9 83
95 28
65 12
42 39
19 63
49 4
125 53
89 37
99 100
96 6
64 68
128 24
24 127
135 70
137 73
130 26
99 137
115 124
124 16
105 40
64 71
150 123
3 20
78 88
140 43
117 27
131 17
18 97
119 125
9 80
98 144
118 121
113 133
140 39
73 72
88 12
37 105
139 38
57 128
77 14
62 44
95 54
138 5
135 112
29 82
88 93
141 71
33 15
84 1
34 25
102 125
38 93
65 54
22 1
74 144
76 31
101 96
20 63
55 21
132 133
59 125
136 121
64 66
98 68
4 91
96 142
118 25
93 26
14 13
31 128
63 18
84 50
83 45
44 68
129 26
20 124
65 124
127 134
140 132
61 59
112 128
34 67
63 9
46 45
111 50
74 47
133 118
69 45
53 141
135 99
99 61
32 35
12 78
30 114
24 129
146 26
146 105
140 112
108 82
34 18
30 128
129 131
56 65
102 106
113 63
74 132
47 138
32 33
82 103
35 139
141 121
107 145
45 88
134 137
77 140
14 69
114 2
100 28
75 81
19 67
145 38
98 39
140 50
33 49
147 66
1 47
11 10
11 129
26 120
140 116
53 121
39 121
64 25
116 143
32 19
115 62
70 44
148 140
135 54
85 30
84 25
101 134
62 88
70 148
101 67
81 4
83 94
41 147
90 18
45 20
76 132
10 24
46 81
94 129
116 125
57 146
101 63
138 54
97 47
42 115
13 136
131 5
63 112
98 26
12 10
104 11
124 131
129 144
128 130
49 62
137 149
130 103
43 122
19 145
146 108
3 118
146 16
28 113
47 123
149 116
18 68
76 24
72 69
30 141
59 5
146 114
78 83
46 97
43 91
62 107
2 132
61 39
126 9
81 125
42 143
33 107
76 92
102 89
88 84
74 105
120 53
82 100
144 135
70 4
118 111
47 62
39 103
70 82
106 54
90 65
10 128
68 62
83 119
40 14
140 27
5 73
42 18
141 46
105 120
72 67
47 26
34 59
22 45
114 32
122 130
107 121
61 109
97 31
49 82
146 13
149 136
99 67
31 77
86 120
76 83
74 64
17 59
104 99
6 8
65 105
115 24
129 84
142 43
114 45
36 44
64 40
7 133
143 15
94 37
128 126
70 144
26 25
8 53
32 37
85 32
79 130
137 51
62 18
37 39
82 50
80 113
68 23
75 141
92 81
36 100
16 99
123 42
3 77
23 112
144 78
6 116
4 61
4 87
69 79
71 16
79 102
17 77
80 27
95 101
10 133
137 28
47 83
21 130
68 97
52 108
122 80
132 102
51 139
100 73
73 139
127 117
72 45
52 60
77 55
42 51
90 71
31 104
127 67
14 110
92 30
146 10
132 66
68 20
82 15
102 123
68 92
20 95
21 133
50 133
18 121
63 107
18 7
69 122
3 15
94 113
124 38
90 62
113 139
24 35
66 138
133 12
10 50
119 115
11 26
53 94
110 70
64 46
12 93
147 96
121 32
118 35
83 135
143 73
77 107
125 4
1 55
114 124
123 51
5 45
115 132
135 149
133 121
20 136
98 93
25 71
31 60
95 31
21 53
100 88
110 129
113 60
79 85
28 106
143 3
81 122
94 101
119 51
103 29
26 85
30 33
89 25
73 64
79 119
28 145
42 16
33 76
83 114
34 27
6 68
112 76
23 18
37 68
48 122
142 41
130 70
46 32
65 2
83 33
110 73
77 2
122 2
92 46
109 42
130 25
19 90
47 65
88 109
52 150
23 21
145 74
113 98
8 51
66 4
144 6
133 75
143 126
137 3
113 67
57 117
31 91
54 61
48 83
70 117
10 89
84 111
95 76
11 41
96 110
128 150
65 21
117 11
109 124
68 19
142 88
53 123
8 78
74 50
50 139
80 30
132 141
13 52
121 148
122 32
128 87
6 88
101 28
48 115
64 91
15 127
41 14
3 66
113 97
99 117
43 45
18 83
148 115
48 86
7 74
135 32
71 69
147 81
134 76
48 27
103 6
81 55
13 4
31 88
108 137
129 111
129 18
108 61
57 67
56 91
77 61
26 71
24 67
103 137
98 138
35 113
9 33
115 66
145 47
39 25
31 70
38 69
71 109
37 8
67 124
3 63
79 145
76 53
72 92
83 38
44 142
64 127
7 98
65 95
5 52
17 142
81 102
108 15
115 69
67 66
130 148
12 21
15 123
92 136
104 141
103 30
44 49
23 30
93 29
5 11
59 47
89 94
13 79
86 101
85 74
125 133
66 80
6 95
30 116
78 145
9 4
29 90
47 109
25 29
41 8
148 31
140 59
150 119
47 8
35 10
104 36
7 140
110 143
72 44
8 83
120 107
85 20
103 101
130 9
55 41
97 24
11 34
112 57
73 48
7 127
88 38
143 25
125 8
147 16
103 26
34 118
60 67
109 116
104 118
91 142
52 53
145 52
77 73
93 83
139 100
18 115
71 5
67 130
33 35
39 36
71 13
54 12
44 149
100 147
58 119
18 73
31 68
57 148
76 60
58 51
150 25
24 16
115 128
117 68
115 70
22 34
51 68
131 62
3 55
112 139
109 140
86 67
90 17
98 44
33 39
113 111
81 11
141 129
107 89
8 88
65 91
62 97
124 50
31 94
22 76
103 42
148 36
129 113
78 120
83 86
147 93
96 17
121 124
42 96
51 62
22 146
82 6
139 142
29 150
125 143
138 79
116 53
98 61
133 88
42 116
90 49
50 19
23 63
108 149
128 103
126 69
129 70
19 38
24 116
68 67
145 94
136 6
110 20
58 105
150 78
2 147
53 103
1 118
16 107
55 47
99 9
29 45
117 56
14 78
150 35
95 52
115 63
126 76
144 53
46 115
90 125
51 27
9 32
70 78
73 93
88 147
72 145
121 89
84 61
34 50
108 133
64 60
144 24
2 44
108 55
6 145
17 95
108 130
124 119
65 89
88 81
106 77
94 104
121 94
147 28
55 78
132 128
86 34
72 68
42 25
14 142
124 90
60 83
4 35
51 3
7 58
142 94
16 89
97 118
10 108
93 123
103 63
29 140
79 74
69 105
140 147
111 62
70 66
101 54
47 122
92 104
14 94
110 27
141 54
132 69
131 39
45 148
96 148
107 25
36 34
141 131
63 71
69 123
39 16
90 145
76 56
81 85
3 46
142 138
60 97
6 70
117 112
149 8
96 138
137 8
67 38
20 140
127 140
43 34
45 31
126 46
96 108
94 150
14 28
24 13
50 1
58 11
65 10
134 86
118 149
105 38
113 117
25 119
29 36
80 45
85 56
139 61
40 93
62 78
74 41
61 90
104 44
106 65
28 131
21 62
87 81
92 101
64 51
145 60
108 62
140 15
135 111
144 1
139 84
9 77
9 117
25 17
115 9
66 100
7 76
81 2
115 145
80 140
96 27
50 80
5 10
57 126
43 50
135 94
148 138
11 100
98 124
150 16
7 16
120 110
133 58
135 20
122 67
27 9
143 27
51 131
133 140
61 66
23 64
118 2
138 94
95 9
139 30
67 31
97 141
33 62
35 149
142 79
28 71
25 138
16 98
105 12
127 63
25 91
51 103
12 20
8 131
15 93
106 19
31 127
122 148
67 85
133 101
126 68
137 90
15 32
76 52
54 147
22 149
82 62
110 33
62 69
56 104
38 150
85 28
57 73
130 120
3 114
58 39
45 127
145 88
95 18
126 133
30 90
73 8
42 14
79 61
52 93
60 120
64 47
142 66
50 92
23 72
112 79
132 109
21 129
6 55
26 66
142 65
33 150
28 83
54 131
12 44
30 129
119 73
123 59
48 102
57 34
34 103
100 25
144 21
66 145
127 20
2 105
133 136
94 143
34 55
95 150
20 90
10 122
135 36
76 135
69 36
80 103
92 97
106 150
67 110
83 72
75 88
123 105
43 85
122 132
116 85
28 21
116 43
51 148
125 29
93 66
18 4
122 146
78 41
122 108
144 134
4 32
145 98
38 4
3 117
86 113
58 122
78 40
81 114
98 117
139 126
103 5
40 81
67 141
30 89
46 33
85 109
86 57
71 38
68 17
108 75
86 114
40 63
113 109
117 121
123 87
53 84
97 128
17 52
100 63
33 25
29 119
14 4
148 67
86 45
54 132
21 147
16 108
49 3
116 18
30 35
74 25
73 99
94 114
30 18
108 4
44 60
80 95
4 73
148 99
115 16
113 119
112 77
77 95
26 119
5 16
105 64
68 102
75 106
89 149
30 15
146 34
38 12
142 146
137 135
13 139
130 91
72 118
131 70
77 132
59 126
56 33
143 97
139 31
28 63
96 119
15 72
114 148
4 144
145 61
8 39
114 54
48 129
39 56
90 106
24 95
50 26
85 142
49 118
93 64
121 140
64 72
41 23
147 104
106 5
39 109
128 36
22 109
31 132
147 24
40 148
79 21
5 50
101 130
53 77
46 49
42 147
47 81
72 134
130 32
100 7
4 63
4 146
85 149
71 65
96 43
98 30
142 31
57 115
126 19
8 126
53 47
91 103
12 95
130 81
1 83
5 25
109 146
43 26
36 81
42 106
110 8
44 35
76 79
132 105
121 9
145 119
40 144
104 53
131 108
121 66
5 32
58 23
78 37
64 15
132 59
25 77
97 96
87 28
82 84
109 21
64 28
18 61
100 126
55 10
90 86
92 27
89 58
28 32
46 130
17 99
100 56
86 25
67 98
121 138
89 137
10 131
114 22
17 21
144 28
107 100
20 7
97 4
82 44
61 93
48 22
135 126
138 145
91 3
39 18
1 104
94 92
131 98
100 62
58 35
122 64
135 30
98 121
145 50
64 132
10 135
132 4
135 29
74 122
135 129
124 84
56 12
124 23
66 104
66 8
124 78
59 117
128 121
7 77
116 28
1 23
146 79
2 39
96 54
26 104
134 119
77 74
135 14
127 53
150 8
8 130
81 127
53 129
56 60
57 46
19 97
116 36
102 103
20 37
99 27
66 123
30 131
122 147
27 4
129 71
7 142
144 16
106 98
39 22
138 126
36 108
102 126
75 122
75 33
67 143
49 92
12 58
40 138
129 27
9 64
41 115
95 85
132 108
73 144
97 102
57 61
116 8
94 49
147 71
150 59
1 75
98 51
89 5
15 131
4 99
34 2
41 113
37 42
73 45
71 119
4 71
149 56
41 67
111 58
139 127
36 150
95 124
149 39
18 1
101 57
39 114
6 138
112 81
92 83
96 132
145 30
36 139
72 61
58 9
21 45
64 120
27 100
21 93
6 7
60 112
74 82
78 142
12 25
143 10
23 143
75 144
8 45
27 59
107 10
144 10
75 77
58 27
124 71
91 132
7 63
73 138
105 118
50 81
41 111
20 61
101 83
4 15
17 41
96 47
138 107
149 119
14 9
137 126
33 20
70 48
57 108
105 70
73 31
108 8
77 1
132 33
128 60
30 112
21 127
15 61
19 33
139 10
6 66
148 135
30 27
50 86
140 118
80 37
93 79
77 149
20 131
90 37
91 70
13 73
10 27
42 55
17 44
96 14
62 117
73 117
55 74
46 108
30 133
24 117
111 36
59 28
145 137
7 143
45 99
74 14
141 122
28 81
141 118
97 85
110 47
130 14
63 90
10 130
122 83
96 45
66 44
109 26
99 34
68 149
91 22
84 14
95 147
63 25
34 130
64 97
125 140
32 59
86 148
22 139
43 33
106 66
128 91
126 54
13 144
75 101
124 13
79 6
4 52
87 95
58 147
131 143
65 118
21 34
114 128
56 83
103 2
40 9
94 25
117 89
83 124
9 136
64 149
22 144
97 130
39 99
95 33
120 121
67 119
46 139
100 71
57 75
13 20
84 96
101 106
95 26
88 130
140 87
103 21
110 79
83 136
146 102
84 36
132 78
38 50
78 103
78 13
56 80
47 150
79 7
106 112
70 140
22 42
136 75
121 27
130 1
36 31
52 79
128 113
45 47
25 112
57 81
13 90
88 111
22 31
48 29
124 35
72 75
63 95
53 79
76 5
56 35
70 28
8 106
52 20
69 121
58 72
29 54
101 85
142 33
110 6
97 144
124 40
128 74
128 45
149 29
111 66
106 110
4 72
44 25
25 128
122 21
4 33
26 64
124 29
7 136
94 123
48 93
87 35
39 91
13 110
110 127
15 20
3 83
29 106
106 74
118 80
110 40
33 144
112 108
21 107
112 89
134 14
66 32
106 108
142 117
77 41
133 76
118 77
1 114
108 125
131 145
113 72
112 18
150 24
69 56
17 33
13 138
51 140
150 144
7 134
39 124
74 26
123 22
2 1
63 147
80 125
105 150
27 111
19 110
38 56
23 52
144 86
7 72
53 150
126 103
48 75
40 23
83 16
24 80
92 1
101 26
105 140
92 2
41 61
97 39
50 59
131 72
47 40
126 38
68 115
128 125
3 92
66 83
106 81
97 34
74 34
66 38
100 97
77 119
130 112
80 36
78 108
80 128
39 132
106 64
138 48
67 108
77 103
35 106
4 121
13 92
73 59
131 9
104 133
138 102
94 35
28 86
16 120
34 117
64 84
145 29
46 83
13 64
140 139
58 42
82 23
8 29
89 127
123 75
73 74
54 150
92 85
1 15
129 134
134 54
7 54
116 5
116 76
21 94
20 67
21 78
105 142
68 147
140 45
104 139
134 125
52 9
100 134
113 56
134 32
94 27
145 147
64 75
127 37
3 130
3 116
149 107
75 100
31 113
12 34
26 102
66 9
112 124
18 111
141 103
150 23
81 49
76 90
84 17
113 58
127 145
130 49
114 93
53 113
41 137
58 17
6 19
57 6
147 97
47 51
69 6
18 130
99 91
42 83
118 142
38 104
97 108
131 140
66 118
15 75
58 109
70 77
86 137
82 42
136 45
17 28
87 112
60 75
44 55
112 132
66 85
62 138
126 87
126 148
49 103
11 49
24 71
142 144
13 137
105 17
46 19
55 93
42 85
85 126
69 67
15 146
9 21
35 48
86 124
126 1
149 141
150 87
32 7
100 26
143 136
116 97
134 89
68 29
35 102
36 10
146 92
116 20
84 92
14 12
1 65
114 87
99 68
51 97
100 90
64 88
17 65
67 78
12 18
114 49
105 7
49 47
46 13
63 110
96 98
36 45
60 12
37 10
122 40
67 52
64 92
40 97
37 77
109 112
108 24
136 69
25 54
135 60
123 61
103 59
82 41
45 144
85 40
110 38
92 59
29 61
65 55
48 108
91 113
11 132
107 41
137 4
28 50
64 96
69 8
122 127
134 64
49 53
84 144
90 74
102 62
21 140
78 134
47 120
9 7
3 22
22 19
26 54
99 18
45 33
36 21
48 52
74 9
99 12
71 97
80 54
69 138
20 27
49 146
91 92
49 66
122 66
129 122
72 110
8 140
128 135
93 7
26 78
53 64
97 104
14 132
32 89
24 94
96 80
140 33
53 17
96 74
68 38
66 81
30 78
74 138
147 135
84 97
46 28
44 146
52 119
142 136
7 122
81 16
145 108
120 57
12 107
133 92
43 138
124 11
39 28
130 125
43 101
59 93
110 31
139 81
143 50
138 124
131 59
49 1
53 89
42 24
42 87
23 111
76 108
58 82
41 83
148 7
146 31
129 136
70 32
54 140
40 98
14 59
149 66
30 60
56 128
39 65
97 5
