563726311
276113620
549428763
548503646
332766061
769219422
524440800
861065945
663846230
344609276
408668955
525379497
455960548
930839905
943979417
668827541
155039438
449604080
984880792
818041410
900147915
629096260
764883023
721827340
32950668
981923977
772989414
779307908
553118212
620992136
623308661
813712654
255291254
791848082
221871427
536918425
333487993
210532336
871064529
578173785
27007777
481874081
977733902
488279854
263185280
221500819
990900183
862640939
777087782
466050762
406426522
576310021
210805452
4970920
381652512
984405375
379290571
81624125
376672736
728323899
311371553
113275046
484428362
759096832
55631966
969660858
183643059
119930218
554725987
480250739
344437401
204752268
247668589
961741798
262667484
136786636
834850300
479015424
103665615
867110563
236045936
554516297
739817156
620405932
113000199
358398981
574322872
247513647
783160664
334670474
940761327
275339821
995989019
351784012
333343652
254613354
329714299
965459990
611541685
119396761
869791817
292712321
299530632
576524197
475556291
651841980
419804321
332161895
672021303
273219982
973693482
149769353
381828304
694858787
744298191
822810117
580783549
254230520
392396582
785276227
558127229
79003680
678484829
488370579
431277122
952436677
685144628
710127774
329827014
623254091
202811366
500215391
512268524
153105093
25971833
236148875
487718773
783551465
497547622
211993975
357328722
744898839
456096520
555395694
190096177
946232404
230588659
357577321
52071988
430470243
770373265
17312937
735040565
474496732
337612424
361192061
989765813
12901372
766664662
478559331
210184765
17904532
71977107
302199756
922985491
593284002
362051719
56059202
312284981
826914771
864480524
830470295
774863065
741757481
499594515
154363350
981125780
154387720
181740433
452322270
286032598
683166530
386958172
689721518
427533812
569217529
325557286
654211215
280773535
349683801
752561507
934890548
456549309
724315654
695564143
991701900
206040521
73953325
396774900
367210417
77893830
233779673
868377778
813664555
624624528
832155149
156378895
672371587
425040044
973446200
37003232
959469382
702528496
255728028
63816203
420337621
207775077
154802911
614322296
300769955
427208671
71365468
646060889
403241256
727166643
924383700
646996559
845204453
253447075
388994163
317073420
880091611
34460339
872562014
528867140
525415180
273266136
178575175
718071630
204233712
317134069
714879820
918109803
277259112
394664862
242068942
167239249
864772192
872795328
320061405
899957664
704310651
484835284
953594066
56752711
872233134
19929165
36215361
604577936
595262285
123693471
517791162
194210547
451435439
941438354
858501449
89184430
238066650
204981200
779900210
532114770
814743795
688462191
355711456
55195772
165714656
963448331
595608500
75994144
775540435
574418251
689995366
657843280
519890792
65236130
299801328
405233680
333672763
171923243
334223244
655096882
52618914
445079970
576415143
348590911
621345827
44825112
524568603
947032755
662943146
453663200
861656002
813185156
267389898
749857704
944102511
918486285
855635752
491193401
597307253
315830611
550591194
576793917
672330538
278510381
397912740
988725410
457049894
937431431
10578470
40764294
803756254
922101650
455778183
753240060
311338831
584327916
829622329
535697692
217011624
530287059
595028736
569688863
463440459
178305109
298339590
65545660
532118938
98716180
699457381
14064653
244528645
428461166
290319001
458676358
559534210
777443515
516851624
720779150
325542879
12696142
475993625
934187255
128517165
355754641
540959372
365824857
969319580
240508276
674896206
738704222
101421863
316772302
643126447
891588563
6576332
330434908
45385338
387713137
880967328
661930138
471962882
269114866
998779053
367479502
778932470
885015282
709835701
513213711
342369612
589120385
475902271
188965160
968848426
197263732
423799393
712416953
649910373
119694428
555003194
138337823
117263044
366172938
470340573
193166957
76578630
818583700
873149882
26746901
685941244
621549683
469243744
144843598
689563310
631796908
172325325
168298425
9831333
278773948
368432612
97533589
563367035
534226369
465496503
257592770
150662847
810729933
758211359
745083736
710486909
297173443
254545912
420060202
959870865
813988038
149585019
688724603
913473025
568246382
576216616
965760624
291681683
91691122
39168612
123263985
454480790
197524512
325378501
467090843
954822847
623628198
208036632
936742289
821338601
617016720
357154125
545164052
861749281
282764219
618911521
310231875
217264357
720396680
534170725
206109811
417558060
710259884
892495543
196732305
928014529
253272261
374802233
200155111
281600411
976009536
588718104
651483125
375053969
176589240
294076150
630133200
239780359
632872339
4979759
896953385
289877735
202364940
249184733
912384099
79126157
151572874
695339087
507543355
788675881
441311126
139169919
610391212
439688783
314140354
929111139
177345514
957753227
558942705
45476159
821177638
84625038
348274008
272727317
542144012
885946640
861537373
36676710
282790569
637341582
526611452
742233111
41806874
740653704
628265800
601489080
392180905
987931342
774142606
40544121
934194319
68364557
33288010
152832104
167457526
46189089
320314502
83751138
452334722
563464650
165462589
991258822
148235317
55818431
822323545
17539678
257322403
665718317
607903068
879972182
173791930
227532786
359911830
473863209
339235412
237065095
556112040
326616507
225260981
187122216
627821019
994976835
12851604
152120663
596395113
745035237
355770605
220556182
630474376
872138531
496942171
246060192
755532339
320444051
663490810
117545383
99302175
720023981
654730759
589891910
38851578
922565554
29364768
969738771
282401120
923219365
974756499
811081089
965054299
780913449
10443394
231441980
935658842
378961136
201522907
169656445
490508743
104644988
82027939
611397936
199312463
873157041
565958714
602421600
700217336
498065818
348550154
266959385
523217254
415797259
38790847
267736240
957983
556863354
510924637
641593731
259594776
313723443
170249220
448279443
541967401
10179933
953932111
544527974
235521723
302529136
600745841
700156140
885498538
820497518
840262611
338289204
924823985
34582477
626183201
441857978
364722250
299704523
595094759
894613207
696879710
884628391
953191361
528804377
145574688
442524074
575154684
468434206
588656984
678668544
946423593
746490071
709048330
157357666
697171979
562129568
882632263
662815303
730131763
173787511
433803731
227329964
307038109
315335133
68290930
158069924
640708765
13922992
211415784
266033129
293987362
764186367
987858292
565929242
853702705
900782322
86598954
694108108
300018156
873541480
767205752
703781783
53335133
720415936
712050825
177706823
813066534
486569130
171360427
665872345
19026105
897180478
573972529
414637579
539566178
594446453
737366886
27727318
253678359
255212568
805178957
630420770
947593334
962691056
555685369
669354754
771172598
368546846
406397053
222237730
670782030
921175483
80568331
826389812
422934649
849332283
680501204
142646413
135555107
296230440
882105890
525284332
888672634
605611370
319632007
862108880
66232474
481045111
199652756
705673771
846867745
745257987
985204044
69673302
283632559
407347596
370681
193943207
450896289
61664374
420261910
253076033
735455273
495273509
831540253
965376321
730526664
443477529
815746061
723757787
448966997
505303764
736032390
181224185
41936322
251613625
682031974
924276185
481619388
847819676
460151579
130281391
684681392
917548507
532926000
3895027
762717697
97944033
475226301
658570158
166685678
759798504
74488980
81656612
494685520
408491427
380482822
150939513
451345373
788950752
185013975
771174102
302587760
707337419
422934614
851254390
782502413
669073341
444776113
829303666
589799823
338815823
459698110
688945129
209315836
482596958
68874511
110727830
586001868
996850529
663241477
247393390
694373386
231052689
522373304
623660910
170371839
462852412
304434039
45394492
610994342
266132641
676142994
910373000
494762830
379245146
221151156
742839628
614451644
736194750
903562155
680251417
785523494
504195035
843306730
752869125
457533312
789289676
598605080
479415857
452200491
994949420
440258360
361861846
689063397
829316369
668434092
726208657
925346666
387346053
825204886
599883093
538753420
399056195
605722066
916027417
777518878
427089073
226357634
523807043
907843525
274108115
811970516
283160653
544582287
861305825
387990588
315126328
80258269
971167068
254686730
426218635
342423441
658750970
863266051
361367856
773197546
848690735
99124582
929766670
668963033
649321900
28466369
91564229
912750994
338405407
43490679
281251935
22072879
408172353
754792729
962950420
274913414
492228147
918713045
349537813
245622880
513506700
320373579
287488501
729559219
286650919
87183472
656785964
951490255
219624171
166429543
556298312
514682474
467707801
257740937
133062103
563572006
243072142
367414935
547491747
133913418
918471444
473904641
752024254
398837897
594069341
760287380
374673775
480161023
143124949
462288489
944035640
770571120
884315649
575061301
403555028
80477075
580499991
708929199
577105182
749185116
88585032
498819600
769981102
584845192
581124821
951656030
490696895
406135448
438602584
606840764
221002469
212415123
712763624
225826309
769816486
36906903
134428981
500272204
580642562
252537025
524629195
114918325
772775381
387749150
147069643
559053440
271743214
241247592
56191286
893276023
490543215
495121326
615505126
946172196
741843255
823987591
728930953
241479775
174697728
282278144
244278435
876129015
450046087
410531725
169868023
922518661
934284958
146991301
413518726
327723714
912706018
759725293
662540980
591513099
489811754
298670377
761080517
152858871
777118094
759266264
141978648
289008562
965376471
945621080
283057177
778896055
449264594
596826224
937390219
307527593
745727030
274546979
240646827
49209500
534174378
179080616
940128621
832683378
827197784
530043429
477345745
586614661
503156920
423331251
423433710
206553822
717967135
217821376
511633211
